20 0
20 0.01
0.5 0.01
0.1 0.41
1 0.85
0.5 0.01
0.2 0.53
0.3 0.58
0.4 0.66
100 0.98
0.001 0.63
0.4 1
0.45 1
0.5 1
0.4 1
0.45 1
0.5 1
0.4 1
0.45 1
0.5 1
0.4 1
0.5 1
0.45 1
100 0.98
0.001 0.63
0.25 0.53
0.1 0.41
0.5 0.71
0.2 0.53
0.3 0.58
0.05 0.24
10 0.98
1 0.85
1000 0.98
0.01 0.76
0.001 0.625
0.45 0.745
0.2 0.505
1 0.87
10 0.955
0.15 0.48
0.25 0.54
0.35 0.64
1000 0.955
0.01 0.79
100 0.955
0.05 0.205
0.5 0.76
0.1 0.39
0.06 0.2
0.04 0.31
0.08 0.27
0.02 0.755
0.062 0.205
0.05 0.205
0.066 0.215
0.058 0.205
0.07 0.22
0.054 0.205
0.054 0.196
0.054 0.228
0.054 0.206
0.054 0.236
0.054 0.228
0.5 0
0.5 0
0.5 0
0.5 0.578
0.5 0.4262
0.5 0.388
0.5 0.016
0.5 0.016
0.5 0.018
0.5 0.342
0.5 0.3312
0.5 0.018
0.5 0.012
0.5 0.0126
0.5 0.0004
0.5 1e-05
0.054 0
0.054 0
0.05 0.674
0.05 0
0.05 0.092
0.01 0.19
0.02 0.314
0.03 0.196
0.2 0.468
0.3 0.684
0.04 0.14
0.05 0.092
0.06 0.07
0.07 0.076
0.08 0.084
0.09 0.102
0.1 0.126
0.5 0.57
0.05 0.066
0.06 0.054
0.07 0.07
0.05 0.098
0.06 0.072
0.07 0.078
0.05 0.11
0.06 0.1
0.07 0.104
0.05 0
0.06 0
0.06 0
0.06 0.003
0.05 0.0036
0.07 0.0034
0.06 0
0.06 0.00287
0.03 0.036
0.054 0.004
0.06 0.004
0.03 0.035
0.06 0.003
0.1 0.0132
0.06 0.00116
0.06 0.02576
0.06 0.02116
0.06 0.01571
0.06 0.00018
0.06 0.006
0.1 0.9935
0.1 0.0025
0.08 0.005
0.2 0.0006
0.1 0.00271
0.4 0.00338
0.5 0.00606
0.3 0.00138
0.45 0.00457
0.05 0.01359
0.15 0.00074
0.35 0.00228
0.25 0.0008
0.2 0.1166
0.2 0.1166
0.05 0.2688
0.1 0.1849
0.25 0.1172
0.15 0.1395
0.2 0.1194
0.3 0.1278
0.05 0.0436
0.15 0.0301
0.1 0.0357
0.25 0.0362
0.2 0.0315
0.3 0.0448
0.35 0.0504
0.05 0
0.2 0
0.1 0
0.3 0
0.35 0
0.25 0
0.15 0
0.2 0
0.3 6.66667e-05
0.1 0
0.1 0
0.3 0
0.2 0
0.1 0.000333333
0.15 0.0002
0.25 0.000266667
0.2 0.000133333
0.35 0.000533333
0.3 0.000466667
0.05 0.0448667
0.2 0.0014
0.3 0.00313333
0.35 0.0046
0.1 0.00653333
0.15 0.002
0.25 0.0018
