2.380478047804779340e-03
1.959235923592372863e-03
8.664166416641638779e-03
5.925472547254728717e-03
5.455985598559864869e-03
2.536773677367820667e-03
6.985298529853023464e-03
2.717211721172119177e-03
3.543694369437022651e-03
3.569916991699173536e-03
5.936733673367333708e-03
2.512851285128570034e-03
3.044604460446076466e-03
5.602760276027685116e-03
6.147754775477576317e-03
1.617401740174023717e-03
4.251425142514253519e-03
3.526132613261401261e-03
2.310671067106695453e-03
8.781458145814657890e-03
5.993119311931249804e-03
5.352755275527587564e-03
6.310431043104303139e-03
6.502250225022487840e-03
2.994939493949466680e-03
3.021742174217412202e-03
3.439963996399675317e-03
6.910531053105350985e-03
7.275547554755457114e-03
4.187218721872221217e-03
6.331413141314135018e-03
6.053205320532051292e-03
5.187498749875008031e-03
4.560596059606014663e-03
5.372137213721428495e-03
2.197779777977804105e-03
1.719871987198695606e-03
6.490589058905982256e-03
1.012753275327532565e-02
5.166336633663393130e-03
8.888688868886940320e-03
2.053705370537062258e-03
4.014021402140244277e-03
2.573477347734776099e-03
4.259945994599501073e-03
1.909610961096208648e-03
9.592399239923943277e-03
3.171397139713982849e-03
5.875787578757840635e-03
8.193639363936355835e-03
2.590599059905995816e-03
6.733593359335987572e-03
2.843784378437852478e-03
3.944514451445113590e-03
4.918211821182127963e-03
3.460566056605607343e-03
1.017649764976502613e-02
5.239183918391843164e-03
6.671047104710448039e-03
1.232763276327653035e-03
3.097009700970043689e-03
4.148214821482087977e-03
5.062026202620195647e-03
4.753775377537738933e-03
2.727092709270961812e-03
4.646724672467295036e-03
5.786238623862349773e-03
6.113191319131905388e-03
5.144174417441749192e-03
1.203560356035610068e-03
9.716151615161539024e-03
7.308690869086920117e-03
1.181936193619370634e-02
6.677207720772126986e-03
5.905610561056096053e-03
1.602740274027403267e-03
2.098049804980517408e-03
4.224002400240012278e-03
2.245984598459815906e-03
6.726212621262106506e-03
8.510331033103335496e-03
3.749834983498345764e-03
4.653225322532261732e-03
1.050459045904583721e-02
6.907630763076322289e-03
1.212565256525655055e-02
5.881308130813112101e-03
7.309150915091489065e-03
7.833043304330433720e-03
5.388098809881003426e-03
1.671627162716293746e-03
4.028042804280429490e-03
2.541714171417186474e-03
1.051525152515275785e-03
5.814601460146007206e-03
6.164676467646845737e-03
2.189998999900022447e-03
3.814921492149236926e-03
2.184658465846589515e-03
3.698569856985689519e-03
9.288288828882995674e-03
6.533113311331106843e-03
1.163356335633580763e-03
4.443204320432048160e-03
7.767696769676923907e-03
3.972537253725372253e-03
3.117471747174749286e-03
1.693349334933480499e-03
2.519811981198105677e-03
3.054045404540461917e-03
5.316811681168154280e-03
5.593339333933411428e-03
2.267786778677838289e-03
3.952455245524566507e-03
3.748914891489096846e-03
7.318331833183311375e-03
8.014721472147212644e-03
7.163116311631134714e-03
5.526172617261737585e-03
8.187658765876570932e-03
3.634103410340983054e-03
1.984298429842989986e-03
8.234983498349834896e-03
5.690209020902115000e-03
9.035903590358995707e-03
3.991379137913808606e-03
1.111979197919799045e-02
1.869866986698665023e-03
4.711191119111945991e-03
6.427102710271026531e-03
6.330733073307337477e-03
2.346414641464233952e-03
4.847704770477079261e-03
2.459245924592456944e-03
3.359575957595839490e-03
6.460806080608061386e-03
5.835003500350044447e-03
7.380278027802722463e-03
2.772797279728012043e-03
3.722792279228004375e-03
1.241764176417647914e-02
4.995959595959553745e-03
2.394959495949589012e-03
2.924112411241130971e-03
4.617881788178790359e-03
3.783838383838444841e-03
4.088848884888474089e-03
5.466606660666117889e-03
9.619621962196234222e-03
6.125352535253592023e-03
4.794919491949101165e-03
5.086328632863290622e-03
2.963756375637560669e-03
5.425262526252638828e-03
2.706710671067091845e-03
1.864726472647237898e-03
3.768896889688955198e-03
4.572497249724971624e-03
1.180668066806689342e-02
1.674087408740865257e-03
4.409400940094010402e-03
6.331653165316475373e-03
1.985378537853743630e-03
3.229462946294670012e-03
1.694909490949192410e-03
4.500030003000310419e-03
6.878567856785755552e-03
4.393899389939004418e-03
7.964056405640573821e-03
2.987278727872771933e-03
5.084248424842563452e-03
3.880748074807538472e-03
2.833563356335611072e-03
4.808120812081206896e-03
3.468626862686285950e-03
9.342994299429974170e-03
5.902810281028125772e-03
4.951495149514983929e-03
1.417181718171844906e-03
2.490849084908486333e-03
6.031223122312190377e-03
2.874567456745635852e-03
3.374057405740593651e-03
2.194799479947939780e-03
1.112991299129950651e-03
2.724252425242545961e-03
3.851465146514687632e-03
2.854305430543047084e-03
1.329352935293570681e-03
3.051385138513884598e-03
2.858305830583052209e-03
4.541174117411783673e-03
1.903930393039265923e-03
3.423122312231241526e-03
4.862866286628686474e-03
3.054165416541632094e-03
4.701450145014551829e-03
1.883568356835674251e-03
5.654405440544019168e-03
4.947354735473585841e-03
2.380478047804779340e-03
3.313351335133496445e-03
3.598839883988402821e-03
4.873687368736889791e-03
2.530133013301294476e-03
5.017181718171892513e-03
2.374557455745551771e-03
5.156795679567949264e-03
3.508170817081768256e-03
7.726292629262943024e-03
7.996519651965128261e-03
7.219861986198616854e-03
2.179297929792878286e-03
7.120512051205118986e-03
6.061986198619861987e-03
4.020522052205266483e-03
5.091209120912099095e-03
3.688028802880327639e-03
5.414701470146998652e-03
4.404480448044811869e-03
1.857725772577256684e-03
3.660986098609875228e-03
4.955595559555936447e-03
3.454945494549443996e-03
3.323972397239693954e-03
6.164176417641775707e-03
1.353275327532821315e-03
9.022302230222989383e-03
2.498009800980083295e-03
3.851165116511734432e-03
2.658925892589258932e-03
5.744674467446753141e-03
3.461026102610342825e-03
1.226782678267812621e-03
5.059325932593283781e-03
2.665286528652943687e-03
7.149114911491200042e-04
3.075887588758874358e-03
4.191659165916572505e-03
1.301130113011361722e-03
1.006006600660069861e-02
5.838003800380020536e-03
5.873267326732656279e-03
4.192299229923035497e-03
4.847284728472844861e-03
2.484028402840343652e-03
7.256565656565627798e-03
6.110511051105160796e-03
2.271687168716840510e-03
2.787538753875384856e-03
2.326072607260698533e-03
2.435503550355044844e-03
2.375437543754410630e-03
1.047420742074212097e-02
3.395379537953879812e-03
3.317211721172164118e-03
3.244484448444828750e-03
3.437483748374825510e-03
5.333553355335474144e-03
9.901490149014924302e-03
1.833503350335052851e-03
3.492929292929214391e-03
8.106850685068445195e-03
3.339433943394365389e-03
8.642084208420830471e-03
3.180098009801013426e-03
5.194599459945992148e-03
1.382988298829879170e-02
3.767976797679761791e-03
5.726712671267120136e-03
2.737193719371977529e-03
3.354055405540512513e-03
1.247504750475081359e-03
3.978277827782705778e-03
5.400620062006200595e-03
4.110311031103153212e-03
2.955235523552368626e-03
4.509670967096701677e-03
4.688228822882334335e-03
2.449604960496065686e-03
3.057105710571050849e-03
1.888448844884510480e-03
2.712431243124369118e-03
5.908610861086127652e-03
6.061526152615348551e-03
5.702870287028760643e-03
4.922472247224751740e-03
2.477827782778330157e-03
6.001960196019617833e-03
2.378217821782158126e-03
3.338113811381160367e-03
2.227462746274722072e-03
1.963656365636556878e-03
2.157215721572181000e-03
1.243604360436134648e-03
7.402560256025592089e-03
3.598119811981215221e-03
5.378937893789403901e-03
4.600500050005007502e-03
3.588598859886049652e-03
2.483948394839452511e-03
3.857125712571241039e-03
2.328472847284712710e-03
2.988538853885391866e-03
5.280028002800252196e-03
3.537493749374953644e-03
2.666206620662081583e-03
2.769016901690179999e-03
2.565916591659167523e-03
2.626002600260024522e-03
4.442444244424414990e-03
1.225942594259454843e-03
2.366536653665374246e-03
1.378657865786614423e-03
8.800540054005323576e-03
2.599099909991076096e-03
2.044264426442676807e-03
1.658885888588867985e-03
9.292929292929463791e-04
2.776077607760774058e-03
7.457445744574520141e-03
5.215741574157384264e-03
2.327432743274349125e-03
5.707110711071106124e-03
8.674987498749953119e-03
4.715171517151728331e-03
2.086528652865293765e-03
2.319911991199186119e-03
5.905150515051527105e-03
4.060566056605652285e-03
2.095969596959706971e-03
1.061062106210619582e-02
5.853125312531237689e-03
5.187058705870550845e-03
3.835163516351658419e-03
3.321112111211110829e-03
3.866046604660444697e-03
7.490749074907654403e-04
2.556615661566175035e-03
4.506450645064496996e-03
4.894109410941149818e-03
4.187298729873001335e-03
5.776857685768521655e-03
7.984218421842215196e-03
3.250285028502886142e-03
3.072947294729511114e-03
4.006140614061459715e-03
9.541854185418530143e-03
5.081888188818883823e-03
5.882508250825146945e-03
3.927972797279688510e-03
3.917291729172878156e-03
1.332717271727179575e-02
3.144554455445591756e-03
1.526172617261734032e-03
5.716631663166271693e-03
5.847604760476077246e-03
6.077367736773697793e-03
3.334213421342102635e-03
2.654245424542456266e-03
2.918171817181708372e-03
6.515871587158716949e-03
2.494449444944590866e-03
3.968916891689211468e-03
5.999119911991201981e-03
4.584898489848998615e-03
5.208120812081218354e-03
1.282528252825376747e-03
3.164796479648068761e-03
2.007500750075053020e-03
2.751555155515561513e-03
2.117071707170736783e-03
1.541654165416517230e-03
1.788978897889759168e-03
2.069626962696191619e-03
1.603200320032027726e-03
3.249864986498707253e-03
3.578577857785814054e-03
2.273647364736453014e-03
1.528872887288756921e-03
5.570537053705471031e-03
2.640704070407062787e-03
2.188998899889993410e-03
2.590359035903599949e-03
4.850105010501093439e-03
6.014081408140858898e-03
4.119371937193694322e-03
6.619981998199797602e-03
4.551575157515808101e-03
3.761816181618193866e-03
9.266966696669709513e-03
2.475707570757101905e-03
4.555695569556927893e-03
1.143760376037605830e-02
1.398879887988813131e-03
2.134813481348141195e-03
1.020122012201252204e-03
8.441884188418846691e-03
4.942774277427786078e-03
3.053645364536450302e-03
1.487768776877729238e-03
3.226202620262075271e-03
3.064826482648275174e-03
2.096109610961072178e-03
4.356615661566198838e-03
5.582018201820249104e-03
1.863926392639214669e-03
4.241224122412234898e-03
2.268126812681292570e-03
9.324432443244323743e-03
4.334173417341657952e-03
2.770577057705780888e-03
1.647624762476262994e-03
4.471107110711081134e-03
9.655865586558731728e-03
5.521872187218723749e-03
4.673967396739697744e-03
9.192939293929391908e-03
1.036891689168917274e-02
5.019561956195572883e-03
3.159655965596530613e-03
8.749134913491385390e-03
2.878267826782687777e-03
8.948134813481334326e-03
1.009300930093104398e-03
1.426142614261438624e-03
2.788938893889425508e-03
5.904290429042835520e-03
3.777797779777936071e-03
3.052365236523635339e-03
6.459185918591847653e-03
3.353495349534996173e-03
6.510911091109128357e-03
3.734833483348354299e-03
4.989558955895589953e-03
3.779257925792589567e-03
7.187238723872391155e-03
1.183278327832715249e-03
1.607740774077437429e-03
3.623162316231720581e-03
4.409600960096016209e-03
8.404780478047824133e-03
6.942394239423999025e-03
3.178377837783796789e-03
8.333753375337593639e-03
4.670647064706490159e-03
1.021830183018301863e-02
3.896729672967280678e-03
1.815221522152188349e-03
8.773297329732976380e-03
2.600080008000826837e-03
3.823462346234651754e-03
7.817101710171026063e-03
2.643344334433472831e-03
1.691829182918325181e-03
7.346034603460338541e-03
6.633503350334968296e-03
4.572717271727255728e-03
2.690769076907684187e-03
1.813121312131182883e-03
4.738133813381284476e-03
2.690509050905065536e-03
5.845084508450781868e-03
1.117149714971499286e-02
3.961496149614940343e-03
3.046724672467249206e-03
7.488708870887150759e-03
8.066806680668059393e-03
4.203940394039373807e-03
2.512211221122107041e-03
1.204652465246525139e-02
1.940194019401986214e-03
4.208700870087012103e-03
3.199239923992402979e-03
5.281188118811952492e-03
4.162496249624947353e-03
4.038863886388632807e-03
2.092069206920732505e-03
3.651305130513038399e-03
5.487068706870767976e-03
4.524492449245021142e-03
2.539773977397796756e-03
1.618241824182464761e-03
3.977257725772620489e-03
7.434923492349310159e-03
5.955415541554098802e-03
5.055485548554949915e-03
2.925472547254726052e-03
2.429702970297098474e-03
1.607240724072367399e-03
3.970857085708545675e-03
7.454465446544655816e-03
1.737913791379164241e-03
5.665966596659743892e-03
3.688268826882667994e-03
3.890389038903874219e-03
2.555135513551354265e-03
3.764016401640146725e-03
4.575177517751827239e-03
1.453285328532838427e-03
